1 0
3 538.276 850 50 50 0 0 1 0 0 51 -134.12 0 0.271588 0 1 0.1 1.07159 0 0 -0.00378523 0 0 1 0 -0.000454673 0.997059 2 1000 
7 280 750 250 35 0 0 0 1200 0 0 280 750 1 
7 1200 725 250 35 0 0 0 1200 0 0 1200 725 1 
7 950 575 250 35 0 0 0 1200 0 0 950 575 1 
7 750 225 250 35 0 0 0 1200 0 0 750 225 1 
8 525 525 250 35 0 0 0 0 0 525 645 80 0 2.41466 
8 1325 475 200 35 0 0 0 0 0 475 595 80 0 33.111 
8 1050 325 250 35 0 0 0 0 0 325 445 80 0 33.111 
8 200 325 150 35 0 0 0 0 0 325 445 80 0 33.111 
8 100 150 200 35 0 0 0 0 0 150 270 80 0 31.4053 
4 538.502 837.5 75 75 -50 0 1 0 1 20 0 0 0 0 1 0 0 3.74162 1 1 400 250 
4 779.582 837.5 75 75 -50 0 1 0 3 20 0 0 0 1 0 0 0 -0.00231659 2 1 400 250 
5 324.966 107.5 50 50 -50 0 0 1200 5 30 0 0 0 0 1 0 0 0 -1 1 2.90414 -1 
5 625.199 110 50 50 -50 0 0 1200 6 30 0 0 0 0 1 0 0 0 -1 1 2.90414 -1 
5 845.198 180 50 50 -50 0 0 1200 7 30 0 0 0 0 1 0 0 0 -1 1 2.90414 -1 
5 1105.2 120 50 50 -50 0 0 1200 8 30 0 0 0 0 1 0 0 0 -1 1 2.90414 -1 
5 1265.2 250 50 50 -50 0 0 1200 9 30 0 0 0 0 1 0 0 0 -1 1 2.90414 -1 
10 1083.13 552.266 28 7 0 253.368 0 1100 0 0 1 0 133.134 -22.7344 
